 Труба_профільна_50x50x2_мм 475 2 3 32 0         +
Арматура_ф10_мм 29 2 5 60 0                     +
Швелер_гнутий_40х20х2 105 2 4 40 0              +
Кутник_металевий_30x30x2 88 2 2 42 0            +
Кутник_металевий_50x50x3 446 2 2 25 0           +
Емаль_алкідна_білий_глянець 74 1 3 12 13        +
Емаль_алкідна_коричневий_глянець 246 1 3 18 15  +
Розчинник 89 1 4 21 20                          +
Плита_OSB-3_10х1250х2500_мм 465 3 1 25 0        +
Плита_OSB-3_12х1250х2500_мм 558 3 1 48 0        +
Фанера_1525x1525x4_мм 453 3 2 61 0              +
Дошка_25х150х3000_мм 150 3 4 112 0              +
Дошка_40х100х3000_мм 334 3 4 89 0               +
Лазур_для_обробки_дерева 1652 1 3 15 14         +
Лист_нержавіючий_400x200x1_мм 154 2 1 36 0      +
Сталь_листова_2500x1250x0.8_мм 1500 2 1 130 0   +